18
31
56
60
76
125
179
194
233
250
258
291
321
342
354
375
385
413
479
490
491
492
495
496
499
530
534
544
552
562
564
576
586
618
621
637
643
644
666
673
679
696
716
730
746
759
760
787
816
835
837
866
869
873
915
934
938
977
979
1002
1039
1040
1060
1071
1079
1084
1097
1107
1108
1130
1136
1147
1248
1271
1349
1358
1359
1371
1378
1384
1396
1417
1424
1543
1550
1562
1603
1643
1644
1662
1673
1680
1693
1696
1724
1725
1738
1739
1740
1769
1775
1776
1789
1844
1869
1898
1906
1910
1922
1948
1973
1974
1975
2013
2018
2019
2029
2074
2079
2095
2111
2169
2174
2175
2188
2193
2214
2227
2246
2270
2277
2287
2302
2312
2324
2336
2355
2358
2361
2375
2383
2396
2426
2428
2443
2463
2465
2482
2496
2502
2528
2548
2616
2632
2661
2666
2676
2681
2691
2700
2704
2710
2739
2759
2768
2775
2781
2793
2807
2817
2829
2840
2844
2869
2905
2916
2930
2933
2956
2966
2967
2971
2980
2982
3018
3057
3060
3080
3108
3112
3144
3154
3157
3184
3198
3208
3213
3230
3275
3294
3306
3312
3370
3401
3404
3441
3459
3516
3552
3555
3568
3571
3579
3635
3639
3641
3643
3665
3676
3696
3702
3746
3785
3804
3815
3818
3839
3907
3929
3960
3966
3967
3998
4012
4021
4025
4062
4130
4139
4143
4160
4194
4232
4324
4352
4373
4389
4414
4451
4469
4506
4513
4541
4550
4595
4616
4637
4651
4655
4656
4660
4739
4791
4804
4849
4878
4879
4886
4888
4960
4968
4976
5011
5020
5026
5049
5061
5104
5149
5207
5235
5241
5250
5258
5267
5286
5287
5334
5341
5345
5396
5415
5424
5433
5447
5464
5473
5561
5564
5576
5589
5617
5634
5637
5658
5667
5695
5712
5723
5725
5757
5769
5786
5790
5804
5825
5845
5872
5893
5921
5942
5978
5983
6021
6029
6058
6064
6067
6081
6104
6112
6171
6172
6175
6188
6208
6218
6234
6237
6239
6255
6269
6291
6295
6343
6419
6461
6487
6511
6552
6575
6597
6608
6645
6655
6675
6681
6698
6715
6784
6804
6807
6809
6821
6889
6890
6900
6909
6937
6962
6977
6983
6996
7005
7019
7032
7035
7101
7102
7113
7144
7147
7186
7202
7210
7235
7257
7267
7284
7328
7348
7384
7390
7404
7429
7434
7444
7485
7510
7530
7541
7558
7561
7569
7598
7628
7653
7715
7727
7739
7744
7748
7758
7807
7808
7895
7914
7955
7969
7989
7999
8004
8013
8036
8042
8071
8074
8079
8101
8102
8107
8118
8141
8153
8207
8295
8343
8357
8382
8396
8415
8416
8428
8432
8495
8507
8546
8548
8592
8593
8595
8599
8616
8644
8647
8680
8689
8697
8699
8704
8707
8710
8725
8730
8743
8765
8768
8780
8805
8822
8838
8873
8902
8908
8922
8975
9002
9011
9036
9040
9041
9051
9064
9107
9109
9125
9149
9193
9204
9206
9215
9227
9232
9244
9256
9325
9337
9342
9352
9366
9378
9395
9423
9437
9443
9452
9455
9469
9472
9529
9530
9561
9577
9602
9622
9651
9659
9661
9740
9745
9769
9804
9820
9837
9852
9903
9912
9914
9930
9950
10051
10072
10079
10080
10091
10097
10117
10118
10161
10189
10191
10210
10231
10277
10293
10298
10304
10309
10318
10330
10334
10337
10344
10351
10354
10366
10387
10388
10400
10410
10419
10440
10467
10476
10477
10488
10489
10554
10560
10574
10591
10592
10597
10599
10617
10638
10640
10647
10671
10672
10684
10698
10712
10716
10777
10793
10799
10817
10826
10842
10859
10860
10898
10915
10969
10993
11020
11021
11071
11076
11108
11117
11177
11207
11222
11234
11275
11303
11369
11392
11396
11410
11413
11435
11463
11483
11486
11490
11494
11515
11517
11534
11556
11564
11568
11571
11572
11610
11614
11618
11654
11685
11689
11690
11709
11714
11719
11744
11747
11758
11773
11774
11783
11785
11829
11834
11867
11885
11887
11889
11920
11945
11999
12009
12013
12043
12057
12132
12167
12171
12233
12244
12253
12307
12316
12355
12360
12389
12429
12430
12431
12453
12464
12493
12512
12581
12611
12643
12666
12677
12690
12697
12724
12761
12812
12832
12857
12864
12883
12922
12931
12944
12953
12955
13001
13047
13118
13132
13173
13174
13175
13186
13191
13193
13235
13236
13285
13322
13325
13330
13430
13431
13441
13466
13471
13476
13494
13504
13513
13525
13558
13562
13564
13635
13689
13789
13793
13810
13818
13905
13928
13932
13935
13938
13976
14005
14007
14018
14019
14027
14048
14060
14076
14077
14110
14129
14185
14189
14191
14226
14229
14255
14261
14265
14267
14268
14310
14336
14354
14362
14384
14404
14411
14426
14437
14447
14450
14466
14471
14501
14515
14530
14536
14555
14558
14572
14631
14639
14656
14687
14726
14781
14788
14789
14806
14817
14824
14857
14859
14885
14903
14917
14936
15053
15058
15064
15082
15130
15173
15186
15206
15224
15252
15258
15270
15273
15297
15302
15345
15358
15480
15485
15524
15529
15550
15565
15586
15647
15657
15694
15742
15796
15806
15811
15815
15851
15861
15882
15892
15898
15930
15960
15973
15984
16004
16008
16021
16025
16034
16101
16117
16123
16154
16161
16167
16208
16219
16222
16223
16305
16345
16370
16375
16385
16455
16468
16484
16513
16535
16562
16586
16607
16637
16644
16654
16699
16730
16744
16748
16758
16773
16787
16808
16812
16864
16872
16889
16924
16926
16996
17001
17002
17054
17113
17141
17173
17184
17210
17228
17270
17359
17367
17404
17414
17419
17431
17441
17442
17471
17476
17495
17500
17510
17530
17537
17546
17594
17595
17630
17702
17735
17849
17851
17858
17882
17892
17901
17935
17942
17961
17966
17970
17998
18016
18025
18069
18074
18081
18097
18101
18117
18126
18129
18142
18162
18210
18214
18278
18287
18290
18305
18315
18333
18388
18399
18428
18465
18485
18507
18525
18584
18634
18647
18653
18675
18720
18741
18745
18775
18818
18824
18832
18842
18851
18857
18882
18928
18936
18939
18956
18999
19019
19039
19045
19109
19112
19141
19142
19148
19158
19161
19231
19232
19240
19279
19352
19354
19371
19393
19430
19436
19462
19484
19493
19495
19496
19521
19577
19579
19591
19592
19607
19608
19636
19638
19671
19682
19690
19698
19768
19794
19796
19799
19803
19814
19835
19836
19837
19847
19853
19855
19859
19880
19883
19924
19929
19952
19997
20006
20017
20027
20066
20075
20081
20122
20192
20273
20320
20333
20359
20364
20399
20402
20421
20449
20453
20460
20496
20506
20544
20552
20582
20599
20600
20614
20625
20629
20641
20643
20689
20691
20700
20725
20754
20774
20799
20828
20843
20881
20883
20889
20899
20900
20902
20908
20922
20977
20985
20996
21017
21018
21025
21041
21047
21067
21078
21128
21153
21189
21208
21211
21245
21254
21287
21304
21320
21342
21349
21389
21477
21493
21541
21577
21579
21614
21623
21648
21653
21657
21659
21663
21685
21716
21725
21732
21785
21797
21813
21817
21821
21855
21862
21865
21872
21889
21891
21939
21967
21984
22025
22040
22045
22097
22125
22140
22144
22147
22148
22163
22205
22213
22235
22249
22255
22300
22314
22317
22318
22324
22340
22344
22346
22356
22365
22388
22420
22448
22479
22509
22543
22561
22572
22573
22590
22606
22630
22636
22653
22684
22738
22748
22764
22790
22801
22806
22829
22836
22857
22859
22888
22907
22944
22959
23013
23018
23060
23062
23071
23088
23147
23157
23231
23254
23260
23265
23283
23314
23345
23350
23377
23379
23381
23384
23387
23410
23423
23430
23437
23470
23490
23500
23513
23514
23522
23525
23567
23578
23593
23594
23603
23604
23607
23616
23619
23638
23645
23679
23723
23811
23825
23829
23835
23837
23859
23871
23877
23886
23889
23890
23896
23899
23908
23946
23947
23955
23977
23978
24017
24023
24035
24047
24060
24068
24090
24112
24114
24128
24195
24234
24257
24263
24291
24300
24306
24316
24322
24351
24370
24412
24419
24432
24445
24457
24463
24467
24480
24522
24554
24565
24568
24607
24630
24678
24683
24684
24692
24754
24786
24817
24820
24827
24839
24844
24873
24893
24915
24923
24926
24944
24965
24978
24995
25014
25022
25089
25130
25164
25219
25229
25239
25241
25246
25261
25290
25304
25318
25332
25369
25383
25482
25529
25530
25548
25577
25589
25593
25613
25675
25683
25691
25693
25701
25708
25733
25734
25756
25757
25761
25837
25843
25847
25866
25868
25876
25904
25905
25933
25935
25990
26002
26010
26027
26035
26042
26089
26091
26098
26132
26137
26148
26205
26213
26236
26272
26283
26285
26294
26324
26346
26355
26362
26375
26471
26482
26483
26549
26550
26601
26602
26617
26626
26630
26694
26706
26723
26737
26754
26835
26850
26851
26908
26939
26954
26996
27040
27058
27079
27135
27140
27161
27164
27182
27196
27198
27206
27210
27225
27236
27252
27261
27264
27271
27287
27323
27346
27357
27359
27373
27377
27384
27401
27439
27453
27456
27468
27482
27513
27531
27545
27592
27628
27629
27633
27653
27671
27716
27719
27744
27747
27762
27803
27806
27850
27857
27860
27893
27943
27956
28029
28034
28036
28056
28066
28084
28086
28089
28098
28113
28137
28151
28152
28158
28169
28233
28262
28292
28298
28302
28308
28337
28374
28382
28518
28523
28549
28552
28577
28592
28620
28623
28696
28705
28768
28782
28804
28825
28848
28856
28866
28869
28927
28947
28957
28964
29007
29025
29054
29062
29121
29122
29133
29138
29158
29193
29210
29259
29272
29276
29287
29291
29324
29358
29367
29389
29399
29400
29413
29430
29435
29463
29470
29499
29512
29530
29540
29545
29568
29600
29626
29632
29650
29664
29707
29731
29733
29750
29772
29793
29810
29842
29902
29903
29927
29946
29963
29988
29993
30009
30012
30028
30032
30045
30072
30079
30080
30082
30095
30105
30108
30114
30122
30156
30181
30191
30199
30202
30236
30241
30255
30280
30293
30299
30306
30310
30366
30386
30397
30407
30414
30433
30470
30513
30537
30540
30586
30708
30710
30711
30712
30725
30765
30841
30844
30856
30875
30878
30882
30894
30917
30929
30934
30935
30958
30978
31003
31037
31063
31067
31072
31088
31133
31135
31148
31156
31158
31167
31217
31267
31302
31315
31321
31382
31386
31395
31405
31427
31462
31542
31568
31570
31583
31609
31640
31662
31663
31680
31686
31694
31713
31718
31768
31814
31821
31847
31897
31939
32016
32043
32057
32064
32070
32121
32141
32149
32186
32202
32214
32224
32246
32256
32266
32294
32311
32320
32342
32367
32377
32391
32398
32435
32450
32478
32507
32508
32526
32550
32556
32576
32613
32626
32632
32644
32652
32663
32732
32784
32807
32837
32849
32855
32864
32866
32916
32966
33016
33017
33018
33025
33035
33044
33049
33067
33082
33130
33174
33178
33183
33214
33228
33231
33240
33248
33267
33271
33286
33318
33346
33364
33408
33429
33444
33453
33460
33467
33470
33496
33568
33569
33614
33621
33633
33638
33668
33669
33726
33759
33782
33790
33799
33828
33835
33842
33864
33866
33875
33885
33914
33941
33942
33958
33960
33973
34061
34063
34076
34083
34092
34102
34128
34154
34181
34201
34209
34233
34236
34310
34368
34382
34391
34423
34445
34470
34476
34493
34496
34510
34523
34627
34628
34661
34673
34688
34690
34693
34702
34716
34724
34747
34748
34782
34784
34804
34808
34828
34844
34864
34899
34906
34972
34983
34991
35014
35018
35041
35062
35073
35074
35108
35127
35139
35141
35146
35148
35164
35213
35221
35253
35265
35360
35376
35379
35382
35407
35489
35512
35514
35517
35529
35575
35589
35595
35602
35683
35690
35719
35732
35735
35758
35760
35797
35820
35828
35854
35857
35896
35938
35951
35953
36076
36085
36086
36105
36117
36152
36181
36197
36200
36245
36266
36267
36279
36398
36401
36438
36445
36484
36540
36564
36574
36590
36618
36628
36635
36652
36685
36686
36740
36753
36754
36758
36769
36786
36800
36891
36910
36934
36988
36993
36995
37060
37126
37148
37166
37167
37176
37202
37232
37262
37272
37277
37279
37280
37281
37300
37305
37310
37311
37359
37416
37422
37444
37458
37496
37499
37570
37587
37598
37601
37620
37634
37669
37677
37698
37711
37721
37729
37739
37751
37769
37787
37800
37810
37817
37832
37841
37907
37920
37927
37939
37942
37945
37966
37969
37985
38008
38038
38048
38070
38082
38100
38107
38108
38112
38120
38169
38171
38188
38193
38251
38263
38272
38290
38291
38294
38328
38339
38370
38392
38396
38430
38452
38489
38506
38510
38516
38521
38539
38547
38557
38596
38598
38599
38629
38633
38688
38709
38714
38742
38778
38793
38800
38810
38837
38856
38903
38905
38926
38942
38946
38963
39072
39079
39119
39140
39177
39187
39197
39198
39222
39234
39235
39244
39249
39323
39329
39333
39341
39357
39372
39400
39403
39420
39434
39449
39458
39465
39477
39484
39493
39509
39512
39524
39533
39538
39564
39572
39629
39648
39687
39719
39738
39743
39755
39780
39781
39830
39862
39887
39890
39914
39951
40027
40028
40053
40085
40124
40126
40190
40192
40195
40254
40272
40303
40326
40371
40397
40458
40469
40475
40501
40521
40530
40551
40703
40713
40714
40753
40765
40772
40773
40774
40785
40798
40889
40896
40920
40979
40999
41027
41039
41048
41058
41063
41085
41087
41089
41092
41094
41105
41114
41155
41161
41234
41245
41263
41322
41324
41334
41342
41348
41354
41382
41387
41454
41482
41511
41515
41597
41599
41601
41605
41624
41626
41651
41679
41687
41695
41762
41807
41833
41850
41882
41884
41891
41921
41979
42025
42040
42041
42063
42072
42074
42090
42093
42111
42118
42147
42151
42157
42175
42190
42205
42214
42251
42255
42256
42287
42324
42331
42335
42368
42369
42377
42380
42414
42428
42429
42437
42447
42473
42481
42508
42525
42534
42542
42552
42589
42591
42612
42623
42625
42648
42656
42664
42673
42695
42706
42708
42751
42776
42779
42784
42823
42902
42911
42918
42919
42971
42983
42994
43024
43032
43053
43054
43109
43111
43128
43131
43147
43202
43213
43271
43276
43298
43306
43316
43354
43425
43427
43436
43462
43484
43486
43489
43495
43534
43555
43579
43594
43620
43671
43692
43704
43723
43732
43737
43770
43789
43810
43836
43898
43925
43936
43942
43944
43966
43971
43975
43989
44023
44027
44029
44056
44111
44124
44135
44155
44179
44187
44194
44205
44222
44249
44259
44275
44292
44315
44346
44350
44360
44368
44376
44421
44426
44446
44461
44473
44479
44543
44558
44584
44606
44608
44624
44626
44641
44727
44766
44795
44811
44838
44851
44865
44889
44909
44946
44956
45000
45014
45043
45051
45085
45098
45158
45175
45189
45209
45210
45228
45242
45245
45248
45302
45312
45392
45426
45433
45443
45449
45454
45500
45509
45533
45538
45555
45579
45586
45597
45611
45625
45628
45649
45654
45665
45671
45727
45734
45750
45754
45767
45794
45798
45809
45834
45850
45852
45875
45891
45893
45916
45927
45928
45939
45969
45971
45980
45990
46037
46099
46102
46121
46130
46143
46174
46192
46199
46200
46204
46214
46234
46238
46298
46302
46314
46367
46381
46386
46400
46408
46415
46457
46476
46555
46583
46588
46591
46602
46604
46664
46665
46692
46725
46737
46746
46757
46770
46772
46775
46780
46820
46841
46850
46902
46916
47040
47046
47068
47075
47124
47141
47162
47225
47256
47267
47290
47303
47344
47353
47355
47357
47361
47372
47389
47420
47440
47458
47492
47530
47542
47555
47599
47605
47626
47638
47676
47685
47726
47742
47754
47757
47774
47799
47815
47816
47819
47859
47860
47861
47882
47890
47914
47943
47949
47991
48035
48071
48100
48113
48131
48132
48146
48165
48205
48233
48236
48265
48280
48284
48298
48306
48310
48344
48404
48409
48412
48414
48420
48439
48442
48525
48528
48591
48637
48657
48658
48721
48722
48740
48743
48748
48751
48793
48809
48867
48883
48885
48894
48915
48975
49023
49024
49031
49033
49056
49060
49062
49067
49072
49102
49107
49117
49138
49143
49145
49155
49173
49179
49189
49191
49193
49207
49260
49261
49276
49285
49412
49420
49448
49461
49467
49468
49498
49508
49522
49524
49534
49547
49602
49603
49604
49672
49684
49685
49731
49734
49736
49759
49768
49772
49775
49799
49804
49844
49870
49879
49889
49944
49969
49974
49981
50008
50029
50068
50078
50099
50114
50133
50166
50174
50204
50211
50267
50279
50306
50307
50388
50392
50394
50400
50402
50415
50458
50498
50512
50570
50579
50593
50606
50615
50630
50644
50649
50732
50733
50745
50812
50880
50889
50890
50892
50909
50918
50975
50978
51014
51020
51057
51061
51109
51123
51125
51137
51138
51155
51157
51194
51208
51223
51227
51254
51262
51295
51369
51393
51397
51405
51440
51446
51457
51460
51493
51521
51530
51581
51585
51600
51608
51618
51651
51656
51675
51676
51686
51707
51772
51795
51800
51853
51862
51863
51881
51900
51921
51950
51952
51988
51998
52004
52006
52019
52058
52073
52099
52115
52175
52176
52178
52191
52206
52215
52233
52273
52277
52352
52353
52354
52369
52393
52405
52463
52477
52498
52520
52545
52578
52594
52606
52626
52631
52705
52730
52782
52803
52804
52824
52829
52838
52839
52843
52844
52850
52881
52895
52918
52929
52941
52974
52992
53002
53028
53056
53105
53123
53159
53174
53310
53337
53342
53374
53421
53459
53489
53513
53522
53573
53596
53627
53725
53729
53781
53790
53813
53815
53851
53867
53868
53930
53933
53965
53977
54001
54036
54047
54055
54098
54108
54109
54192
54198
54202
54234
54247
54252
54300
54304
54313
54317
54325
54386
54402
54420
54497
54509
54534
54588
54627
54681
54702
54710
54727
54732
54750
54756
54757
54776
54790
54815
54830
54836
54851
54868
54880
54887
54935
54945
54979
54982
54985
54989
55001
55018
55026
55049
55056
55067
55082
55094
55132
55156
55179
55196
55200
55225
55232
55241
55272
55283
55284
55293
55338
55347
55352
55370
55371
55385
55388
55405
55415
55416
55435
55476
55536
55544
55561
55566
55570
55580
55583
55584
55625
55632
55687
55700
55716
55728
55769
55776
55785
55790
55813
55830
55849
55875
55909
55911
55924
55951
55972
55973
55986
56007
56014
56045
56046
56047
56064
56069
56094
56098
56104
56117
56157
56175
56181
56184
56225
56233
56236
56260
56267
56270
56273
56326
56345
56379
56395
56422
56509
56532
56541
56566
56601
56626
56634
56640
56641
56703
56776
56792
56803
56807
56810
56842
56872
56891
56929
56930
56963
56983
57028
57061
57092
57111
57121
57122
57169
57203
57226
57250
57280
57291
57300
57322
57329
57331
57379
57388
57392
57413
57429
57467
57478
57483
57508
57513
57532
57559
57576
57611
57632
57638
57678
57701
57703
57706
57724
57732
57803
57820
57831
57858
57869
57888
57898
57914
57937
57960
57993
57994
58016
58070
58082
58094
58152
58199
58214
58216
58234
58292
58310
58318
58333
58364
58379
58427
58495
58496
58506
58507
58566
58579
58588
58603
58650
58712
58717
58720
58735
58737
58742
58747
58757
58802
58838
58845
58859
58861
58917
58952
59000
59027
59055
59057
59066
59070
59106
59131
59135
59142
59146
59177
59195
59215
59222
59249
59284
59315
59362
59372
59386
59425
59433
59466
59480
59482
59488
59508
59522
59538
59554
59556
59572
59616
59627
59633
59647
59670
59705
59706
59732
59741
59763
59775
59786
59788
59830
59906
59920
59967
59995
60055
60087
60091
60098
60172
60187
60191
60215
60240
60266
60289
60292
60344
60349
60353
60375
60410
60411
60427
60529
60535
60566
60574
60575
60579
60592
60604
60636
60697
60699
60734
60745
60762
60776
60815
60834
60847
60864
60880
60899
60914
60931
60951
60958
61052
61075
61090
61100
61113
61132
61138
61191
61211
61265
61305
61327
61339
61358
61363
61370
61376
61377
61389
61434
61447
61484
61499
61518
61520
61553
61568
61605
61637
61646
61660
61661
61681
61688
61715
61725
61730
61736
61747
61763
61787
61789
61800
61805
61857
61878
61885
61919
61922
61928
61973
61986
61997
62020
62067
62070
62077
62081
62084
62085
62100
62123
62138
62168
62180
62184
62225
62243
62311
62334
62353
62371
62440
62452
62473
62499
62563
62564
62565
62588
62594
62615
62637
62662
62678
62713
62720
62721
62730
62774
62806
62847
62859
62866
62877
62880
62889
62891
62934
62935
63000
63048
63082
63111
63114
63132
63152
63154
63173
63176
63183
63196
63207
63214
63217
63225
63239
63248
63263
63274
63287
63289
63313
63335
63342
63364
63389
63395
63421
63424
63448
63462
63491
63511
63521
63522
63524
63555
63560
63567
63568
63587
63602
63618
63727
63729
63733
63764
63789
63798
63814
63835
63849
63862
63868
63875
63898
63925
63927
63962
63979
63980
63996
64061
64086
64088
64098
64113
64117
64127
64132
64144
64173
64177
64209
64229
64248
64257
64264
64315
64354
64359
64363
64387
64444
64456
64482
64493
64550
64563
64648
64657
64672
64678
64718
64779
64819
64831
64909
64927
64929
64954
64957
64962
64966
64990
65015
65022
65062
65129
65183
65197
65206
65218
65243
65254
65264
65271
65288
65294
65334
65337
65347
65376
65380
65430
65433
65451
65468
65497
65499
65507
65513
65514
65535
65559
65583
65585
65599
65604
65606
65626
65630
65647
65748
65764
65844
65871
65905
65911
65923
65932
65933
65937
65950
65972
65976
66011
66022
66061
66066
66069
66072
66102
66113
66137
66245
66273
66278
66289
66310
66316
66324
66374
66409
66423
66466
66474
66480
66545
66596
66609
66655
66657
66673
66675
66703
66714
66754
66765
66784
66796
66804
66811
66818
66821
66865
66873
66874
66909
66928
66939
66956
67003
67023
67046
67050
67083
67142
67155
67191
67245
67258
67304
67305
67309
67326
67412
67435
67451
67491
67531
67536
67556
67585
67605
67611
67618
67665
67667
67740
67756
67764
67770
67772
67787
67808
67809
67837
67847
67890
67902
67960
67970
67971
67976
67993
68038
68070
68139
68159
68265
68314
68345
68347
68358
68364
68367
68378
68386
68392
68409
68415
68419
68423
68434
68458
68467
68511
68544
68548
68557
68581
68606
68621
68657
68661
68681
68682
68684
68686
68693
68696
68701
68709
68785
68794
68827
68867
68886
68887
68888
68927
68995
69040
69053
69140
69151
69178
69182
69186
69206
69215
69235
69236
69242
69281
69283
69289
69299
69302
69307
69311
69323
69365
69410
69412
69441
69468
69515
69521
69560
69567
69587
69627
69673
69729
69757
69767
69820
69830
69848
69855
69865
69888
69891
69901
69919
69932
69936
69943
69944
69952
69956
69969
69996
70037
70063
70105
70131
70139
70144
70180
70242
70257
70308
70346
70347
70413
70417
70420
70433
70456
70482
70491
70509
70537
70569
70610
70678
70689
70705
70754
70766
70775
70778
70785
70808
70818
70848
70895
70913
70921
70932
70965
70973
71007
71020
71023
71036
71041
71072
71086
71102
71149
71185
71194
71210
71246
71254
71268
71278
71304
71317
71321
71326
71349
71370
71388
71424
71444
71460
71468
71513
71515
71520
71521
71560
71578
71589
71686
71700
71755
71776
71804
71838
71856
71862
71864
71867
71880
71918
71934
71939
71940
71946
71951
71967
71989
72004
72053
72063
72068
72091
72145
72153
72167
72176
72178
72192
72193
72196
72201
72261
72265
72266
72271
72272
72276
72299
72357
72377
72401
72430
72488
72521
72524
72544
72577
72635
72700
72718
72729
72758
72762
72763
72765
72784
72790
72805
72859
72860
72864
72876
72887
72895
72908
72942
72955
73056
73062
73081
73085
73092
73112
73114
73128
73150
73175
73235
73251
73316
73330
73416
73419
73464
73471
73502
73528
73625
73643
73693
73716
73729
73750
73761
73763
73802
73818
73842
73844
73895
73941
73942
74003
74034
74087
74096
74142
74150
74160
74198
74228
74265
74320
74336
74341
74346
74350
74378
74381
74394
74410
74450
74460
74506
74543
74607
74698
74709
74722
74795
74823
74828
74829
74834
74844
74853
74872
74876
74942
74958
74973
74976
74983
75028
75035
75054
75059
75075
75121
75141
75149
75181
75204
75233
75241
75293
75297
75307
75340
75350
75414
75422
75449
75452
75454
75477
75482
75518
75539
75566
75571
75573
75591
75601
75614
75628
75649
75674
75680
75707
75721
75744
75746
75818
75868
75888
75891
75899
75916
75943
75968
75973
76019
76032
76039
76047
76070
76075
76080
76106
76125
76128
76132
76173
76188
76219
76227
76237
76274
76301
76314
76357
76359
76360
76362
76379
76390
76452
76473
76488
76490
76492
76532
76535
76539
76543
76547
76555
76577
76611
76640
76653
76686
76715
76800
76809
76826
76874
76906
76914
76932
76947
76994
77014
77046
77061
77082
77121
77145
77156
77173
77177
77195
77197
77261
77311
77330
77350
77361
77374
77376
77397
77422
77424
77435
77439
77444
77475
77483
77488
77498
77522
77546
77610
77623
77625
77657
77661
77663
77682
77684
77685
77690
77704
77712
77726
77781
77792
77809
77885
77905
77921
77932
77950
77953
77956
77973
77980
77994
78020
78022
78056
78070
78094
78120
78127
78139
78142
78143
78148
78160
78182
78184
78196
78214
78217
78230
78269
78277
78324
78330
78337
78377
78413
78417
78436
78452
78474
78492
78543
78545
78562
78608
78613
78633
78652
78663
78664
78678
78707
78744
78747
78751
78835
78868
78891
78913
78996
79010
79033
79064
79069
79082
79097
79102
79120
79139
79153
79162
79178
79258
79265
79272
79284
79309
79315
79321
79341
79344
79366
79378
79385
79419
79491
79500
79505
79510
79527
79540
79568
79569
79571
79576
79669
79685
79689
79727
79747
79782
79815
79842
79845
79901
79935
79959
79971
79989
79993
80002
80013
80029
80036
80059
80080
80082
80107
80126
80137
80140
80142
80144
80168
80234
80268
80352
80361
80372
80438
80483
80485
80499
80503
80504
80549
80559
80560
80583
80629
80632
80636
80664
80677
80718
80735
80740
80778
80854
80916
80922
81002
81006
81007
81029
81030
81033
81072
81074
81086
81150
81158
81293
81321
81370
81391
81416
81436
81443
81447
81448
81506
81511
81527
81557
81561
81563
81624
81636
81659
81677
81700
81707
81708
81762
81766
81778
81784
81815
81859
81871
81910
81997
82046
82054
82068
82092
82095
82116
82118
82120
82124
82146
82153
82173
82179
82197
82199
82222
82224
82227
82284
82295
82301
82316
82353
82386
82449
82454
82464
82483
82531
82534
82548
82556
82558
82563
82582
82597
82603
82612
82613
82615
82639
82670
82692
82696
82712
82720
82723
82739
82758
82769
82770
82848
82884
82893
82933
82948
82956
82957
83008
83040
83042
83045
83079
83106
83110
83162
83172
83180
83183
83214
83215
83224
83228
83238
83247
83248
83254
83386
83397
83407
83411
83417
83449
83484
83494
83495
83521
83565
83585
83651
83658
83695
83700
83724
83740
83747
83768
83804
83828
83833
83842
83873
83895
83906
83960
83993
84004
84017
84019
84043
84046
84057
84073
84074
84101
84113
84122
84181
84187
84211
84237
84252
84273
84307
84311
84364
84372
84377
84379
84389
84392
84413
84421
84430
84437
84451
84455
84483
84491
84506
84510
84516
84529
84571
84585
84589
84596
84611
84614
84639
84658
84691
84708
84724
84762
84765
84766
84780
84781
84817
84842
84878
84884
84939
84943
84945
84946
84981
85027
85030
85033
85057
85065
85128
85142
85166
85173
85183
85186
85207
85244
85259
85282
85325
85328
85371
85375
85413
85426
85439
85448
85461
85508
85560
85605
85635
85692
85699
85703
85749
85783
85790
85825
85829
85830
85836
85837
85868
85881
85901
85906
85913
85929
85939
85945
85954
86063
86091
86111
86112
86128
86153
86174
86236
86251
86254
86286
86328
86371
86433
86445
86446
86461
86488
86494
86504
86532
86540
86572
86621
86638
86642
86686
86706
86717
86725
86769
86785
86808
86822
86827
86833
86858
86887
86894
86896
86899
86951
86955
86977
86988
86989
87032
87056
87097
87126
87128
87133
87194
87201
87206
87221
87222
87228
87260
87269
87279
87298
87340
87341
87351
87366
87373
87394
87413
87421
87426
87441
87473
87474
87478
87489
87492
87522
87524
87528
87569
87628
87644
87667
87719
87721
87766
87772
87786
87789
87809
87827
87842
87910
87925
87965
87967
87981
87987
88015
88033
88147
88148
88178
88187
88190
88197
88205
88236
88252
88270
88293
88298
88300
88312
88333
88344
88401
88418
88422
88431
88448
88456
88463
88516
88532
88557
88594
88627
88649
88650
88721
88725
88731
88732
88792
88817
88873
88898
88923
88938
88946
88960
88996
88998
89014
89044
89051
89068
89069
89085
89110
89120
89130
89166
89169
89192
89195
89203
89243
89279
89308
89322
89349
89365
89368
89372
89389
89405
89416
89483
89534
89547
89548
89561
89577
89594
89608
89615
89616
89621
89631
89645
89652
89659
89675
89680
89698
89709
89767
89777
89781
89799
89800
89801
89822
89827
89828
89836
89850
89871
89899
89929
89930
89957
89971
90027
90030
90119
90236
90239
90241
90312
90332
90356
90359
90379
90381
90444
90457
90468
90478
90494
90523
90535
90556
90558
90585
90591
90629
90686
90687
90694
90700
90766
90769
90795
90818
90823
90855
90874
90878
90929
90934
90937
90941
90998
91005
91038
91057
91062
91089
91107
91128
91139
91164
91190
91265
91316
91318
91343
91367
91370
91410
91415
91423
91442
91446
91457
91458
91491
91504
91506
91508
91537
91558
91595
91615
91640
91648
91659
91702
91713
91774
91782
91784
91811
91848
91853
91868
91874
91950
91954
91967
92003
92023
92039
92051
92078
92104
92137
92147
92162
92178
92181
92208
92213
92242
92254
92284
92300
92348
92373
92379
92409
92411
92441
92446
92469
92512
92531
92542
92617
92622
92644
92661
92670
92694
92706
92718
92721
92776
92798
92920
92933
92946
92951
92956
92994
93013
93039
93044
93058
93087
93097
93103
93120
93124
93130
93131
93172
93182
93190
93230
93233
93240
93245
93248
93278
93280
93303
93333
93354
93357
93371
93387
93390
93400
93430
93446
93489
93490
93503
93517
93539
93542
93587
93598
93621
93633
93659
93661
93669
93679
93707
93708
93731
93736
93757
93761
93766
93768
93774
93810
93820
93833
93856
93869
93912
93921
93943
93982
93990
94028
94031
94043
94044
94072
94130
94137
94138
94159
94165
94193
94210
94250
94262
94294
94297
94300
94331
94347
94349
94394
94403
94417
94420
94461
94464
94506
94520
94603
94623
94631
94710
94725
94756
94798
94805
94820
94840
94842
94866
94895
94903
94928
94946
94984
94985
94990
94999
95008
95022
95023
95027
95036
95040
95118
95155
95159
95197
95206
95215
95225
95231
95234
95250
95310
95316
95320
95329
95360
95372
95390
95409
95412
95418
95434
95437
95448
95451
95465
95502
95504
95521
95527
95530
95563
95594
95627
95651
95662
95667
95683
95687
95696
95714
95726
95785
95805
95815
95824
95833
95864
95870
95880
95886
95900
95907
95925
95953
95970
95984
95990
95994
95996
96001
96008
96013
96042
96070
96083
96122
96137
96174
96195
96198
96239
96264
96280
96281
96295
96309
96320
96357
96369
96376
96430
96433
96447
96454
96470
96471
96473
96486
96500
96557
96563
96608
96622
96629
96651
96681
96739
96745
96781
96787
96810
96816
96844
96852
96858
96876
96922
96939
96941
96963
97004
97079
97086
97089
97114
97128
97181
97209
97213
97241
97251
97268
97303
97375
97395
97440
97491
97499
97500
97511
97515
97542
97552
97584
97589
97604
97649
97654
97684
97685
97691
97705
97731
97734
97766
97769
97770
97841
97851
97874
97890
97922
97946
97953
97969
97993
98006
98013
98034
98048
98051
98067
98076
98126
98145
98218
98269
98270
98278
98279
98282
98295
98302
98324
98338
98367
98401
98404
98437
98457
98491
98496
98502
98519
98531
98538
98565
98705
98732
98737
98739
98798
98803
98826
98845
98888
98924
98986
99020
99064
99067
99071
99075
99129
99141
99143
99171
99180
99194
99243
99259
99289
99325
99352
99409
99477
99505
99513
99515
99525
99543
99563
99577
99580
99616
99668
99675
99715
99719
99723
99742
99783
99786
99842
99883
99893
99937
99947
99948
99955
