0	81
1	36
2	36
3	49
4	49
5	49
6	9
7	81
8	64
9	25
10	49
11	49
12	121
13	36
14	16
15	9
16	64
17	49
18	16
19	36
20	36
21	49
22	16
23	9
24	169
25	16
26	121
27	64
28	64
29	64
30	49
31	4
32	25
33	64
34	25
35	36
36	144
37	9
38	169
39	64
40	49
41	16
42	16
43	36
44	9
45	25
46	9
47	121
48	16
49	36
50	4
51	64
52	9
53	144
54	49
55	25
56	9
57	64
58	64
59	16
60	64
61	25
62	25
63	36
64	4
65	64
66	16
67	9
68	36
69	36
70	25
71	36
72	100
73	25
74	100
75	25
76	36
77	100
78	36
79	9
80	25
81	25
82	49
83	25
84	121
85	64
86	81
87	9
88	36
89	25
90	25
91	16
92	64
93	36
94	100
95	9
96	81
97	64
98	36
99	36
100	100
101	49
102	49
103	100
104	36
105	25
106	36
107	144
108	4
109	64
110	144
111	9
112	121
113	4
114	144
115	36
116	9
117	49
118	121
119	25
120	25
121	64
122	100
123	25
124	36
125	9
126	4
127	16
128	9
129	25
130	49
131	64
132	81
133	16
134	16
135	16
136	49
137	64
138	25
139	49
140	169
141	36
142	9
143	36
144	16
145	16
146	49
147	25
148	49
149	36
150	49
151	121
152	16
153	25
154	36
155	25
156	49
157	36
158	100
159	36
160	25
161	196
162	36
163	25
164	100
165	9
166	81
167	36
168	64
169	81
170	49
171	100
172	49
173	9
174	81
175	64
176	36
177	16
178	81
179	64
180	25
181	144
182	36
183	4
184	64
185	36
186	64
187	100
188	16
189	25
190	36
191	100
192	81
193	9
194	9
195	49
196	121
197	36
198	25
199	81
