0	4
1	81
2	25
3	49
4	196
5	25
6	25
7	25
8	36
9	1
10	16
11	49
12	144
13	100
14	49
15	25
16	16
17	100
18	36
19	121
20	100
21	4
22	9
23	16
24	36
25	25
26	121
27	81
28	81
29	144
30	81
31	121
32	9
33	64
34	49
35	9
36	100
37	25
38	49
39	9
40	81
41	64
42	36
43	36
44	36
45	16
46	36
47	36
48	25
49	25
50	64
51	25
52	49
53	16
54	16
55	121
56	16
57	25
58	36
59	25
60	81
61	16
62	36
63	100
64	16
65	16
66	25
67	64
68	16
69	36
70	36
71	64
72	4
73	1
74	9
75	36
76	36
77	64
78	25
79	16
80	49
81	9
82	16
83	49
84	81
85	25
86	49
87	16
88	25
89	16
90	100
91	9
92	16
93	4
94	100
95	49
96	16
97	25
98	81
99	64
100	49
101	25
102	4
103	36
104	9
105	25
106	81
107	64
108	64
109	49
110	16
111	36
112	64
113	25
114	25
115	25
116	64
117	81
118	49
119	25
120	25
121	49
122	49
123	121
124	81
125	16
126	64
127	16
128	64
129	25
130	16
131	49
132	25
133	4
134	36
135	81
136	9
137	49
138	25
139	36
140	100
141	9
142	64
143	121
144	64
145	36
146	49
147	4
148	4
149	16
150	25
151	64
152	16
153	4
154	16
155	64
156	16
157	121
158	81
159	4
160	64
161	36
162	9
163	16
164	4
165	25
166	36
167	36
168	9
169	9
170	36
171	16
172	25
173	16
174	81
175	36
176	4
177	36
178	16
179	100
180	36
181	4
182	9
183	36
184	49
185	64
186	4
187	64
188	64
189	25
190	49
191	64
192	9
193	49
194	49
195	25
196	25
197	25
198	81
199	49
